106,3864,20140531,203633,013,001827,4902115177676,9182766100000,日ハム　直火焼でおい,1,173,03307580
106,3864,20140531,203633,013,001826,4902115093822,9182645900000,日ハム　直火でおいし,1,173,03307580
106,3864,20140531,203633,016,002586,0225891801561,9258918600000,ひじき入りれんこん金,1,78,03307580
106,3864,20140531,203633,040,003711,4901006218818,0403461200000,井村屋メロンボール　,1,90,03307580
106,3864,20140531,203633,040,003702,4902705103504,0402697600000,明治　オムハヤシ　　,1,208,03307580
106,3864,20140531,203633,017,002869,0228690103683,9286901100000,大粒たこ焼　　　　　,1,110,03307580
106,3864,20140531,203633,039,003629,4968273500039,0391919400000,朝日屋　３食徳用中華,1,225,03307580
106,3864,20140531,203633,039,003629,4968273500039,0391919400000,朝日屋　３食徳用中華,1,225,03307580
106,3864,20140531,203633,033,003317,4514603254617,0337387300000,アサヒ　食事の脂にこ,1,84,03307580
106,3864,20140531,203633,033,003317,4514603254617,0337387300000,アサヒ　食事の脂にこ,1,84,03307580
106,3867,20140531,203848,035,003385,4901411039985,0358650100000,キリン本搾りオレンジ,1,103,31600494
106,3867,20140531,203848,035,003385,4901777230170,0357714100000,金麦糖質７０％オフ　,1,160,31600494
106,3867,20140531,203848,035,003385,4904230036401,0350169600000,Ａ　ＣＰ　ライム＆オ,1,103,31600494
106,3867,20140531,203848,017,002622,0226181303758,9261813800000,枝豆コロッケ　　　　,1,112,31600494
106,3867,20140531,203848,033,003313,4514603285413,0330084800000,ドデカミン　ブラジリ,1,94,31600494
106,3867,20140531,203848,014,008009,0280090706000,9800907700000,刺身用生カツオスライ,1,180,31600494
106,3867,20140531,203848,035,003385,4901777256774,0350099600000,金麦クリア５００ｍｌ,1,158,31600494
106,3870,20140531,204225,017,002636,0226360103803,9263601900000,若鶏しょうゆ香り揚げ,1,114,05206298
106,3870,20140531,204225,917,917001,0215500103803,9155001900000,福龍門,1,190,05206298
106,3870,20140531,204225,042,003753,4973350164844,0424715900000,ベーコン＆マスタード,1,78,05206298
106,3870,20140531,204225,017,002869,0228690103683,9286901100000,大粒たこ焼　　　　　,1,110,05206298
106,3870,20140531,204225,017,002851,0228510604802,9285106100000,海老と季節野菜の天重,1,240,05206298
106,3870,20140531,204225,917,917001,0215500102851,9155001900000,福龍門,1,142,05206298
106,3870,20140531,204225,038,003533,4902705118966,0386198100000,ブルガリアＣａのむヨ,1,98,05206298
106,3871,20140531,204343,039,003615,4930655014236,0394929000000,舟木　村じまん半割り,1,128,03308946
106,3871,20140531,204343,801,009001,0000049401394,8010273100000,キャスター・ワン１０,1,420,03308946
107,9675,20140531,204410,017,002634,0226341803609,9263418300000,さつま揚げ串（ミック,1,108,05905189
107,9675,20140531,204410,012,001671,0216710405008,9167104200000,国産　黒毛和牛挽肉　,1,250,05905189
107,9675,20140531,204410,035,003384,4904230036890,0350488800000,辛口焼酎ハイボールレ,1,103,05905189
107,9675,20140531,204410,012,001582,0215825104936,9158251500000,アメリカ産牛　肩ロー,1,493,05905189
107,9675,20140531,204410,917,917001,0215500104756,9155001900000,福龍門,1,237,05905189
107,9675,20140531,204410,040,003705,4901549030021,0402610500000,郡山冷蔵　純氷カップ,1,113,05905189
107,9675,20140531,204410,035,003385,4901777251335,0359574900000,ふんわり鏡月　ゆず　,1,400,05905189
107,9675,20140531,204410,033,003314,4902201415040,0330157900000,エクセラボトルＣ甘さ,1,75,05905189
106,3874,20140531,204637,017,002625,0226255003263,9262550100000,厚切り一口イカフライ,1,97,03308658
106,3874,20140531,204637,017,002646,0226460102805,9264601800000,ミニメンチあんかけ　,1,84,03308658
106,3874,20140531,204637,017,002868,0228682709503,9286827400000,照り焼きチキンピザ　,1,285,03308658
106,3874,20140531,204637,039,003627,4901790003379,0394457800000,シマダヤ　流水麺そば,1,158,03308658
107,9677,20140531,204736,014,008020,0280554503985,9805545600000,生食用トラウトサーモ,1,119,03308738
107,9677,20140531,204736,017,002634,0226341803609,9263418300000,さつま揚げ串（ミック,1,108,03308738
107,9677,20140531,204736,017,002614,0226140102507,9261401700000,海老天　　　　　　　,2,150,03308738
107,9677,20140531,204736,017,002656,0226562504200,9265625300000,やきとり詰め合わせ　,1,126,03308738
107,9677,20140531,204736,035,003387,4901870644386,0356021100000,ジェントプラス３５０,1,88,03308738
107,9677,20140531,204736,035,003385,4901870644928,0350599100000,ジェントプラス５００,1,113,03308738
107,9677,20140531,204736,017,002642,0226411703808,9264117400000,キャベツメンチカツ　,1,114,03308738
107,9677,20140531,204736,019,002702,0227028806982,9270288200000,彩鮮生寿司盛合せ　　,1,209,03308738
107,9677,20140531,204736,017,002663,0226630201741,9266302200000,春巻き（小）　　　　,1,52,03308738
107,9677,20140531,204736,017,002663,0226630003277,9266300800000,ニラレバ炒め小（国産,1,98,03308738
107,9677,20140531,204736,808,009171,0000000009898,8080021700000,レジ袋　　　　　　　,1,3,03308738
106,3875,20140531,204755,017,002656,0226561704281,9265617800000,チキンステーキトマト,1,128,05910163
106,3875,20140531,204755,017,002656,0226562504200,9265625300000,やきとり詰め合わせ　,1,126,05910163
106,3875,20140531,204755,017,002656,0226562504200,9265625300000,やきとり詰め合わせ　,1,126,05910163
106,3875,20140531,204755,019,002702,0227028806982,9270288200000,彩鮮生寿司盛合せ　　,1,209,05910163
107,9678,20140531,204924,032,003274,4902110349757,0325138600000,ふんわりくちどけホッ,1,135,05910486
107,9678,20140531,204924,032,003274,4902110349757,0325138600000,ふんわりくちどけホッ,1,135,05910486
107,9678,20140531,204924,032,003262,4902106838463,0324422700000,おむすび山　焼きたら,1,84,05910486
107,9678,20140531,204924,010,001053,4979754557145,9105302200000,雪国しめじ恵み　　　,1,58,05910486
107,9678,20140531,204924,031,003208,4901108002124,0313529700000,エバラ　黄金の味辛口,1,255,05910486
107,9678,20140531,204924,015,008152,0281511401399,9815114100000,釜揚げ白す　　　　　,1,111,05910486
107,9678,20140531,204924,039,003628,4901990341943,0397866500000,マルちゃん３食えび塩,1,100,05910486
107,9678,20140531,204924,012,001652,0216524203319,9165242300000,国産　鶏手羽元　　　,1,165,05910486
107,9678,20140531,204924,010,001092,0000000001274,9109202100000,にら　　　　　　　　,1,58,05910486
107,9678,20140531,204924,010,001092,0000000001274,9109202100000,にら　　　　　　　　,1,58,05910486
107,9678,20140531,204924,039,003635,4974911340127,0396717100000,大賛水野　きんぴら牛,1,128,05910486
107,9678,20140531,204924,032,003267,4902881052290,0328475900000,明星　中華三昧　北京,1,78,05910486
107,9678,20140531,204924,032,003262,4902820917000,0320461000000,ソフトふりかけちりめ,1,98,05910486
107,9678,20140531,204924,032,003267,4902881052290,0328475900000,明星　中華三昧　北京,1,78,05910486
107,9678,20140531,204924,032,003262,4902820011555,0324625200000,のりたまミニパック　,1,190,05910486
107,9678,20140531,204924,012,001601,0216031007141,9160310400000,国産黒豚　ロースしゃ,1,357,05910486
107,9678,20140531,204924,012,001614,0216141303515,9161413100000,国産豚　ロースうす切,1,175,05910486
107,9678,20140531,204924,017,002622,0226181302256,9261813800000,枝豆コロッケ　　　　,1,67,05910486
107,9678,20140531,204924,032,003262,4903307567060,0324639900000,混ぜ込みわかめご飯　,1,165,05910486
107,9678,20140531,204924,032,003262,4903307560221,0325297000000,コリコリ茎わかめ　ち,1,165,05910486
107,9678,20140531,204924,038,003517,4904717006477,0386364000000,協乳　やさしさ育ち牛,1,179,05910486
107,9678,20140531,204924,030,003031,4901626057200,0300204900000,三幸　チーズアーモン,1,115,05910486
107,9678,20140531,204924,030,003030,4901626044200,0302552900000,三幸　柿の種　　　　,1,115,05910486
107,9678,20140531,204924,030,003030,4901626064307,0302514700000,三幸　粒より小餅　　,1,115,05910486
107,9678,20140531,204924,017,002868,0228682709503,9286827400000,照り焼きチキンピザ　,1,285,05910486
107,9678,20140531,204924,041,003732,4971436603669,0410089800000,イセ農場おすすめたま,1,238,05910486
107,9678,20140531,204924,030,003030,4978041008889,0305077400000,米粒揚げ　　　　　　,1,238,05910486
107,9678,20140531,204924,010,001042,0210420601989,9104206400000,ピーマン（袋詰め）　,1,198,05910486
107,9678,20140531,204924,039,003629,4968273500039,0391919400000,朝日屋　３食徳用中華,1,225,05910486
107,9678,20140531,204924,031,003213,4902402846476,0315208900000,マカロニウラタンミー,1,180,05910486
107,9678,20140531,204924,038,003536,4908011540316,0382032200000,メグミルク　ホイップ,1,143,05910486
107,9678,20140531,204924,039,003650,4901141909282,0396704100000,天宝　会津産にんにく,1,211,05910486
107,9678,20140531,204924,010,001021,0000000001045,9102102100000,ブロッコリー　　　　,1,98,05910486
107,9678,20140531,204924,010,001094,0000000001106,9109401800000,小松菜　　　　　　　,1,98,05910486
106,3877,20140531,205118,035,003372,4901880851385,0351491700000,サッポロ　黒ラベル３,1,200,05902966
106,3877,20140531,205118,014,008011,0280110604989,9801106300000,刺身用カツオタタキス,1,149,05902966
106,3877,20140531,205118,035,003371,4906141240120,0352235600000,栄川特醸アルミ缶１８,1,198,05902966
106,3877,20140531,205118,035,003371,4973717600169,0350515100000,ＳＥ末廣Ｄｒ．野口カ,1,200,05902966
106,3877,20140531,205118,016,002581,0225816402217,9258164700000,マカロニサラダ（中）,1,110,05902966
106,3877,20140531,205118,016,002581,0225816402200,9258164700000,マカロニサラダ（中）,1,110,05902966
106,3877,20140531,205118,019,002702,0227028806982,9270288200000,彩鮮生寿司盛合せ　　,1,349,05902966
106,3877,20140531,205118,019,002702,0227028806982,9270288200000,彩鮮生寿司盛合せ　　,1,349,05902966
106,3877,20140531,205118,019,002703,0227033106800,9270313100000,お好みにぎり（　　　,1,340,05902966
106,3878,20140531,205242,033,003316,4901777230590,0338361200000,サントリー　グリーン,1,158,05908682
106,3878,20140531,205242,042,003751,4903110002239,0423874400000,山崎　ロイヤルブレッ,1,148,05908682
106,3878,20140531,205242,038,003515,4903050502974,0386257500000,こんがり焼けるとろけ,1,238,05908682
106,3878,20140531,205242,038,003533,0000049722079,0381148100000,ヨーグルトＲ−１　ド,1,122,05908682
106,3878,20140531,205242,038,003533,0000049722079,0381148100000,ヨーグルトＲ−１　ド,1,122,05908682
106,3879,20140531,205320,033,003314,4902201415040,0330157900000,エクセラボトルＣ甘さ,1,75,05905626
106,3879,20140531,205320,033,003314,4902201415040,0330157900000,エクセラボトルＣ甘さ,1,75,05905626
106,3879,20140531,205320,039,003602,4970817000059,0396297800000,奥田　絹ごし豆腐　３,1,68,05905626
107,9680,20140531,205329,010,001111,4970032011014,9111114200000,もやし　　　　　　　,1,35,05901458
107,9680,20140531,205329,038,003517,4904717150415,0381192400000,協乳　酪農の朝１Ｌ　,1,160,05901458
107,9680,20140531,205329,010,001052,4908390750139,9105205600000,一株えのき茸　　　　,1,78,05901458
107,9680,20140531,205329,032,003262,4902765304118,0323154800000,三島　菜めし（１８ｇ,1,94,05901458
107,9680,20140531,205329,033,003310,4987035032410,0336489500000,大塚カロリーメイトメ,1,190,05901458
107,9680,20140531,205329,017,002634,0226341803609,9263418300000,さつま揚げ串（ミック,1,108,05901458
107,9680,20140531,205329,035,003385,4901004010896,0354339900000,アサヒ　オフ３５０ｍ,1,120,05901458
107,9680,20140531,205329,030,003033,4901870299074,0303356200000,ＣＧＣ　ウルトラミニ,1,268,05901458
107,9680,20140531,205329,010,001105,0211050202485,9110502800000,さつま芋（袋詰）　　,1,248,05901458
107,9680,20140531,205329,039,003611,4952794802062,0398111500000,ヨコオ稲庭うどんこん,1,92,05901458
107,9680,20140531,205329,013,001771,4902115340377,9177269500000,ＣＧＣ　あらびきポー,1,265,05901458
107,9680,20140531,205329,017,002622,0226181302256,9261813800000,枝豆コロッケ　　　　,1,67,05901458
107,9680,20140531,205329,030,003031,4901626057200,0300204900000,三幸　チーズアーモン,1,115,05901458
107,9680,20140531,205329,017,002646,0226460102805,9264601800000,ミニメンチあんかけ　,1,84,05901458
107,9680,20140531,205329,017,002625,0226519604809,9265196800000,広島県産春採り牡蠣フ,1,144,05901458
107,9680,20140531,205329,010,001004,0000049677706,9100402400000,ミニトマト　　　　　,1,248,05901458
107,9680,20140531,205329,017,002868,0228682709503,9286827400000,照り焼きチキンピザ　,1,285,05901458
107,9680,20140531,205329,017,002869,0228690103683,9286901100000,大粒たこ焼　　　　　,1,110,05901458
107,9680,20140531,205329,017,002850,0228551104804,9285511300000,三元豚手作りロースの,1,240,05901458
107,9680,20140531,205329,030,003018,4902555134482,0303570200000,不二家　ホームパイ　,1,288,05901458
107,9680,20140531,205329,917,917001,0215500103797,9155001900000,福龍門,1,189,05901458
107,9680,20140531,205329,917,917001,0215500102851,9155001900000,福龍門,1,85,05901458
106,3880,20140531,205422,042,003751,4903110190332,0428955500000,ヤマザキ　朝の笑顔６,1,88,05909091
106,3880,20140531,205422,038,003517,4904717150415,0381192400000,協乳　酪農の朝１Ｌ　,1,160,05909091
106,3880,20140531,205422,017,002634,0226341803609,9263418300000,さつま揚げ串（ミック,1,108,05909091
106,3880,20140531,205422,017,002634,0226341803609,9263418300000,さつま揚げ串（ミック,1,108,05909091
106,3880,20140531,205422,040,003701,4901870115404,0402291600000,シジシー塩ゆで枝豆４,1,188,05909091
106,3880,20140531,205422,042,003753,4973350164844,0424715900000,ベーコン＆マスタード,1,78,05909091
106,3880,20140531,205422,042,003757,4973350182855,0421126600000,和風ツナマヨ　　　　,1,78,05909091
106,3880,20140531,205422,017,002868,0228682704751,9286827400000,照り焼きチキンピザ　,1,142,05909091
106,3880,20140531,205422,017,002636,0226361003829,9263610100000,お魚唐揚げ　　　　　,1,114,05909091
106,3880,20140531,205422,038,003533,4902705118966,0386198100000,ブルガリアＣａのむヨ,1,98,05909091
106,3880,20140531,205422,017,002663,0226630203806,9266302200000,春巻き（小）　　　　,1,114,05909091
106,3881,20140531,205602,042,003751,4903110190318,0428956200000,ヤマザキ　朝の笑顔８,1,88,05906471
106,3881,20140531,205602,014,008019,0281049303981,9810493200000,生食用蒸し真タコスラ,1,119,05906471
106,3881,20140531,205602,014,008016,0280160605806,9801606800000,アジ刺身　　　　　　,1,174,05906471
106,3881,20140531,205602,917,917001,0215500104756,9155001900000,福龍門,1,237,05906471
106,3881,20140531,205602,017,002625,0226255003317,9262550100000,厚切り一口イカフライ,1,99,05906471
106,3881,20140531,205602,017,002656,0226561704281,9265617800000,チキンステーキトマト,1,128,05906471
106,3881,20140531,205602,017,002646,0226460103802,9264601800000,ミニメンチあんかけ　,1,114,05906471
106,3881,20140531,205602,917,917001,0215500103797,9155001900000,福龍門,1,189,05906471
106,3881,20140531,205602,032,003267,4901870169520,0324608500000,ＣＧＣ味噌ラーメン５,1,190,05906471
106,3881,20140531,205602,038,003533,4902705118966,0386198100000,ブルガリアＣａのむヨ,1,98,05906471
106,3881,20140531,205602,017,002663,0226630203806,9266302200000,春巻き（小）　　　　,1,114,05906471
106,3882,20140531,205751,039,003602,4901118004521,0392735900000,遊心庵　ときめく豆腐,1,88,04812717
106,3882,20140531,205751,039,003603,4562162992037,0393319000000,都路　てしおづくり半,1,190,04812717
106,3882,20140531,205751,033,003316,4902102091855,0336166500000,コカ　い・ろ・は・す,1,84,04812717
106,3882,20140531,205751,033,003316,4902102091855,0336166500000,コカ　い・ろ・は・す,1,84,04812717
106,3882,20140531,205751,022,002802,0228021101968,9280211700000,サクッとバターフラン,1,166,04812717
106,3882,20140531,205751,033,003317,4901085001738,0338825900000,おーいお茶　ぞっこん,1,84,04812717
106,3882,20140531,205751,030,003010,4903015534507,0309147000000,ナビスコ　チップスタ,1,190,04812717
106,3882,20140531,205751,032,003262,4903065019023,0325031000000,鰹節屋のちょっと贅沢,1,178,04812717
106,3882,20140531,205751,039,003603,4902678304267,0397030000000,ふじや　具沢山茶碗蒸,1,140,04812717
106,3882,20140531,205751,039,003603,4902678304144,0397029400000,ふじや　具沢山茶碗蒸,1,140,04812717
106,3882,20140531,205751,039,003629,4970154306562,0394549000000,えどや　３食冷し中華,1,189,04812717
106,3882,20140531,205751,039,003613,4901160030004,0396764500000,ひきわりカップ３　　,1,103,04812717
106,3882,20140531,205751,808,009171,0000000009898,8080021700000,レジ袋　　　　　　　,1,3,04812717
106,3882,20140531,205751,033,003313,4514603217216,0331989500000,三ツ矢サイダー１．５,1,140,04812717
106,3882,20140531,205751,010,001005,0000000001038,9100502100000,胡瓜（バラ）　　　　,1,48,04812717
106,3883,20140531,205909,039,003628,4901990341943,0397866500000,マルちゃん３食えび塩,1,218,00114524
106,3883,20140531,205909,017,002634,0226341803609,9263418300000,さつま揚げ串（ミック,1,108,00114524
106,3883,20140531,205909,014,008011,0280110603982,9801106300000,刺身用カツオタタキス,1,119,00114524
106,3883,20140531,205909,016,002581,0225811901562,9258119700000,ポテトサラダ（小）　,1,78,00114524
106,3883,20140531,205909,016,002583,0225832001524,9258320700000,春雨サラダ（小）　　,1,45,00114524
106,3883,20140531,205909,017,002648,0226480403005,9264804300000,エビチリソース　　　,1,90,00114524
106,3883,20140531,205909,010,001001,0210010301084,9100103000000,キャベツ１／２　　　,1,108,00114524
106,3883,20140531,205909,038,003519,4903080988960,0385928500000,ヤクルト　Ｎｅｗヤク,1,200,00114524
106,3883,20140531,205909,014,008001,0280011103987,9800111800000,生メバチマグロ刺身　,1,119,00114524
106,3883,20140531,205909,039,003636,4901530179937,0394477600000,紀文　個包装からしマ,1,98,00114524
106,3883,20140531,205909,012,001617,0216272301817,9162723000000,国産豚　カタ切落し　,1,181,00114524
106,3883,20140531,205909,808,009171,0000000009898,8080021700000,レジ袋　　　　　　　,1,3,00114524
106,3883,20140531,205909,033,003312,4901340689213,0338235600000,カルピスウォーター５,1,84,00114524
106,3883,20140531,205909,010,001005,0000000001038,9100502100000,胡瓜（バラ）　　　　,1,48,00114524
106,3886,20140531,210318,030,003013,4901113015010,0309634500000,ケロッグ　コーンフロ,1,288,05908682
106,3886,20140531,210318,030,003034,4901325258762,0301164500000,共立　素焼きミックス,1,288,05908682
106,3886,20140531,210318,038,003532,0000049722260,0383447300000,明治Ｒ−１ブルーベリ,3,366,05908682
106,3886,20140531,210318,038,003532,0000049408454,0380420900000,ブルガリアフルーツミ,1,128,05908682
106,3886,20140531,210318,038,003517,4908011521162,0385015200000,メグミルク　アカディ,1,133,05908682
106,3887,20140531,210628,031,003205,4904001089834,0316745800000,日新　粉末焚黒黒砂糖,3,804,00716752
106,3887,20140531,210628,030,003008,4903939013256,0304605000000,ライオンそのまんまゆ,1,143,00716752
106,3887,20140531,210628,030,003008,4903939013058,0305881700000,ライオンそのまんまレ,1,143,00716752
106,3887,20140531,210628,030,003027,4950861133415,0302847600000,道南冷蔵　真いかあた,1,255,00716752
106,3887,20140531,210628,030,003027,4950861133415,0302847600000,道南冷蔵　真いかあた,1,255,00716752
106,3887,20140531,210628,030,003041,4902501251959,0302732500000,フルタ　プリキュアス,1,150,00716752
106,3887,20140531,210628,040,003713,4901170104443,0403972300000,赤城ガリガリ君マルチ,1,189,00716752
106,3887,20140531,210628,032,003268,4902105223536,0325498100000,チキンラーメンブラジ,1,122,00716752
106,3887,20140531,210628,032,003268,4902105222904,0325502500000,カップヌードルブラジ,1,122,00716752
106,3887,20140531,210628,030,003010,4560294953124,0301719700000,クリート　キャラメル,1,94,00716752
106,3887,20140531,210628,010,001276,0212760104984,9127601800000,鉢物　　　　　　　　,1,498,00716752
106,3887,20140531,210628,010,001261,0212614503802,9126145800000,生花Ｂ　　　　　　　,1,380,00716752
106,3887,20140531,210628,030,003010,4901330640484,0300274200000,カルビージャガビーカ,1,118,00716752
106,3887,20140531,210628,035,003382,4939662001857,0356520900000,光武舞ここちブルー１,1,2000,00716752
106,3887,20140531,210628,030,003012,4901335206326,0303436100000,トルティアアボガドチ,1,94,00716752
106,3887,20140531,210628,030,003010,4901360309702,0302639700000,ブルボン　ベジポテト,1,98,00716752
107,9681,20140531,210637,014,008042,0280421701582,9804217300000,ニシン切身（解凍）　,1,79,05907053
107,9681,20140531,210637,014,008041,0280410202083,9804102200000,黒カレイ切身　　　　,1,104,05907053
107,9681,20140531,210637,031,003207,4901001084272,0312071200000,風味調味料　　　　　,1,190,05907053
107,9681,20140531,210637,014,008030,0280301201980,9803012500000,真サバ　　　　　　　,1,99,05907053
107,9681,20140531,210637,039,003628,4901990548502,0397364600000,東水　２食鉄板焼うど,1,88,05907053
107,9681,20140531,210637,010,001001,0210010301084,9100103000000,キャベツ１／２　　　,1,108,05907053
107,9681,20140531,210637,015,008122,0281224003477,9812240000000,塩トラウトサーモン腹,1,173,05907053
107,9681,20140531,210637,032,003264,4901870170199,0325077800000,かつおパック２．５ｇ,1,123,05907053
107,9681,20140531,210637,039,003605,4904540153195,0397634000000,太子　ずっしり厚い上,1,78,05907053
107,9681,20140531,210637,039,003628,4901790033611,0391661200000,シマダヤ鉄板麺縁日屋,1,118,05907053
106,3888,20140531,210733,038,003536,4902108450809,0382772700000,中沢　サワークリーム,1,178,02607855
106,3888,20140531,210733,038,003536,4902108450809,0382772700000,中沢　サワークリーム,1,178,02607855
106,3888,20140531,210733,038,003517,4904717006477,0386364000000,協乳　やさしさ育ち牛,1,189,02607855
106,3888,20140531,210733,038,003517,4904717006477,0386364000000,協乳　やさしさ育ち牛,1,179,02607855
106,3888,20140531,210733,038,003517,4904717006477,0386364000000,協乳　やさしさ育ち牛,1,179,02607855
106,3888,20140531,210733,038,003517,4904717006477,0386364000000,協乳　やさしさ育ち牛,1,179,02607855
106,3888,20140531,210733,038,003517,4904717006477,0386364000000,協乳　やさしさ育ち牛,1,179,02607855
106,3888,20140531,210733,011,001304,0213040303981,9130403200000,甘夏柑　　　　　　　,1,398,02607855
106,3888,20140531,210733,040,003710,4902705077744,0402091200000,ファミリアバニラ　　,1,568,02607855
106,3888,20140531,210733,041,003732,4580114100293,0410012600000,都路のたまご　てしお,1,238,02607855
106,3888,20140531,210733,041,003732,4580114100293,0410012600000,都路のたまご　てしお,1,238,02607855
106,3888,20140531,210733,041,003732,4580114100293,0410012600000,都路のたまご　てしお,1,238,02607855
107,9683,20140531,210815,032,003268,4901990522731,0327152000000,マルチャン　赤いきつ,1,115,05909338
107,9683,20140531,210815,040,003712,4901005312005,0401735600000,グリコ　Ｇコーンチョ,1,90,05909338
107,9683,20140531,210815,040,003712,4901005312005,0401735600000,グリコ　Ｇコーンチョ,1,90,05909338
107,9683,20140531,210815,040,003712,4901005312005,0401735600000,グリコ　Ｇコーンチョ,1,90,05909338
107,9683,20140531,210815,010,001005,0000000001359,9100504500000,胡瓜（袋詰）　　　　,1,240,05909338
107,9683,20140531,210815,032,003261,4902122013202,0324657300000,ニコニコ味付のり卓上,1,288,05909338
107,9683,20140531,210815,015,008135,0281350402137,9813504200000,愛知篠島産生炊き小女,1,213,05909338
107,9683,20140531,210815,016,002590,0225876302632,9258763200000,きゅうりとタコのキム,1,78,05909338
107,9683,20140531,210815,032,003268,0000049698626,0320301900000,日清カップヌードル　,1,138,05909338
107,9683,20140531,210815,032,003268,4901990326759,0320848900000,マルちゃん麺づくり鶏,1,123,05909338
107,9683,20140531,210815,038,003520,0000049878554,0384997200000,カゴメ野菜一日これ一,1,103,05909338
107,9683,20140531,210815,038,003520,0000049878554,0384997200000,カゴメ野菜一日これ一,1,103,05909338
107,9683,20140531,210815,038,003520,0000049878554,0384997200000,カゴメ野菜一日これ一,1,103,05909338
107,9683,20140531,210815,038,003520,0000049878554,0384997200000,カゴメ野菜一日これ一,1,103,05909338
107,9683,20140531,210815,013,001798,4901870044131,9179800800000,ＣＧＣ　Ｖパックロー,1,257,05909338
107,9683,20140531,210815,013,001798,4901870044131,9179800800000,ＣＧＣ　Ｖパックロー,1,257,05909338
107,9683,20140531,210815,039,003629,4970154306562,0394549000000,えどや　３食冷し中華,1,189,05909338
107,9683,20140531,210815,039,003629,4970154306562,0394549000000,えどや　３食冷し中華,1,189,05909338
107,9683,20140531,210815,808,009171,0000000009898,8080021700000,レジ袋　　　　　　　,1,3,05909338
107,9683,20140531,210815,039,003613,4901160964118,0390079600000,ＣＧＣ　極小粒納豆カ,2,196,05909338
107,9683,20140531,210815,010,001021,0000000001045,9102102100000,ブロッコリー　　　　,1,98,05909338
106,3889,20140531,210829,030,003018,4903333174614,0303651800000,ロッテ　パイの実シェ,1,283,05909177
106,3889,20140531,210829,033,003314,4901777231672,0331044100000,ボスとろけるカフェオ,1,103,05909177
106,3889,20140531,210829,030,003012,4902775044288,0304254000000,おやつＣ　ベビースタ,1,190,05909177
106,3889,20140531,210829,050,004123,4901301729293,0508547700000,ビオレふくだけコット,1,238,05909177
106,3889,20140531,210829,030,003017,4902555138268,0302478200000,カントリーＭバニラコ,1,278,05909177
106,3889,20140531,210829,030,003010,4901330523176,0301872900000,カルビーＰＣコンソメ,1,198,05909177
106,3889,20140531,210829,808,009171,0000000009898,8080021700000,レジ袋　　　　　　　,1,3,05909177
107,9684,20140531,210851,050,004120,4901080116611,0504950900000,おすだけノーマット１,1,880,05909490
107,9684,20140531,210851,040,003713,4902705115521,0403313400000,明治スーパーＣ抹茶ク,1,313,05909490
107,9684,20140531,210851,040,003713,4902705103702,0402561000000,明治スーパーカップバ,1,313,05909490
107,9686,20140531,211107,035,003385,4901880874353,0353501100000,サッポロ　麦とホップ,1,838,05910614
107,9686,20140531,211107,017,002646,0226460102805,9264601800000,ミニメンチあんかけ　,1,84,05910614
107,9686,20140531,211107,017,002646,0226460102805,9264601800000,ミニメンチあんかけ　,1,196,05910614
107,9686,20140531,211107,017,002625,0226519604809,9265196800000,広島県産春採り牡蠣フ,1,144,05910614
107,9686,20140531,211107,017,002868,0228682704751,9286827400000,照り焼きチキンピザ　,1,142,05910614
107,9686,20140531,211107,917,917001,0215500103797,9155001900000,福龍門,1,189,05910614
107,9686,20140531,211107,917,917001,0215500103681,9155001900000,福龍門,1,184,05910614
107,9686,20140531,211107,808,009171,0000000009898,8080021700000,レジ袋　　　　　　　,1,3,05910614
107,9687,20140531,211156,033,003317,4902102107648,0339745900000,コカ・コーラ　綾鷹　,1,84,05909089
107,9687,20140531,211156,038,003518,0000049791112,0380669200000,酪王　カフェオレ　２,1,75,05909089
107,9687,20140531,211156,042,003751,4902410149231,0424328100000,フジパン　杜のホテル,1,128,05909089
107,9687,20140531,211156,042,003755,4903110020455,0420295000000,山崎　ランチパックピ,1,105,05909089
107,9687,20140531,211156,010,001113,4970032047600,9111307800000,ミックスサラダ　　　,1,95,05909089
107,9687,20140531,211156,038,003519,4903080988960,0385928500000,ヤクルト　Ｎｅｗヤク,1,200,05909089
107,9687,20140531,211156,017,002663,0226630002539,9266300800000,ニラレバ炒め小（国産,1,75,05909089
107,9687,20140531,211156,030,003005,4901351017272,0301827900000,カンロ　はちみつレモ,1,148,05909089
107,9687,20140531,211156,033,003317,4901777247680,0339415100000,伊右衛門特茶　５００,1,170,05909089
106,3891,20140531,211437,014,008030,0280301202987,9803012500000,真サバ　　　　　　　,1,149,05909816
106,3891,20140531,211437,011,001394,0000000001526,9139402600000,キウィフルーツ　　　,3,384,05909816
106,3891,20140531,211437,017,002634,0226341805801,9263418300000,さつま揚げ串（ミック,1,174,05909816
106,3891,20140531,211437,033,003313,4901085001998,0339739800000,希少糖ソーダ　　　　,1,134,05909816
106,3892,20140531,211542,035,003384,4901777197145,0355486900000,１９６℃ストロングゼ,1,150,05909933
106,3892,20140531,211542,035,003384,4901777197145,0355486900000,１９６℃ストロングゼ,1,150,05909933
106,3892,20140531,211542,035,003385,4901880871932,0358912000000,サッポロ　男梅サワー,1,123,05909933
106,3892,20140531,211542,017,002634,0226341803609,9263418300000,さつま揚げ串（ミック,1,108,05909933
106,3892,20140531,211542,016,002581,0225815301610,9258153100000,生野菜たっぷりタマゴ,1,48,05909933
106,3892,20140531,211542,017,002625,0226519602867,9265196800000,広島県産春採り牡蠣フ,1,85,05909933
106,3892,20140531,211542,014,008009,0280090706000,9800907700000,刺身用生カツオスライ,1,180,05909933
106,3892,20140531,211542,017,002663,0226630002577,9266300800000,ニラレバ炒め小（国産,1,77,05909933
107,9689,20140531,211546,017,002655,0226550902483,9265509600000,サバ照焼　　　　　　,1,74,05205565
107,9689,20140531,211546,017,002646,0226460102805,9264601800000,ミニメンチあんかけ　,1,84,05205565
107,9689,20140531,211546,017,002656,0226562504200,9265625300000,やきとり詰め合わせ　,1,126,05205565
107,9689,20140531,211546,017,002625,0226519604809,9265196800000,広島県産春採り牡蠣フ,1,144,05205565
107,9689,20140531,211546,017,002868,0228682704751,9286827400000,照り焼きチキンピザ　,1,142,05205565
107,9689,20140531,211546,917,917001,0215500103131,9155001900000,福龍門,1,156,05205565
106,3893,20140531,211724,039,003617,4971801319195,0393582800000,片山　野沢菜昆布角カ,1,285,05907155
106,3893,20140531,211724,040,003712,4902888323324,0400491200000,森永チョコモナカジャ,1,90,05907155
106,3893,20140531,211724,030,003002,4902888202858,0303232900000,森永カレドショコラヴ,1,278,05907155
106,3893,20140531,211724,039,003602,4901453100520,0395944200000,豆乳入寄せ豆腐３００,1,113,05907155
106,3893,20140531,211724,040,003713,4953823095400,0403882500000,スイカ＆メロンバー６,1,218,05907155
106,3893,20140531,211724,030,003002,4902777009391,0308015300000,明治ブラックチョコレ,1,278,05907155
106,3893,20140531,211724,030,003035,4902740510077,0304687600000,モミの木　Ｄチップベ,1,98,05907155
106,3893,20140531,211724,030,003036,4571109821583,0300559000000,沖縄特産販売　美らキ,1,190,05907155
106,3893,20140531,211724,039,003617,4974335417009,0395157600000,上進　わさび風味野沢,1,148,05907155
106,3893,20140531,211724,030,003036,4902524221236,0304568800000,フジサワれんこんチッ,1,170,05907155
106,3893,20140531,211724,030,003032,4901037168601,0309768700000,新潟　ぬれおかき　６,1,93,05907155
106,3893,20140531,211724,030,003032,4901037168601,0309768700000,新潟　ぬれおかき　６,1,93,05907155
106,3893,20140531,211724,030,003032,4901037168601,0309768700000,新潟　ぬれおかき　６,1,93,05907155
106,3893,20140531,211724,030,003031,4901626034959,0309237800000,三幸越後樽焼きごま１,1,105,05907155
106,3893,20140531,211724,040,003711,0000049667325,0403947100000,オハヨースムージーマ,1,90,05907155
106,3893,20140531,211724,040,003711,0000049667325,0403947100000,オハヨースムージーマ,1,90,05907155
106,3893,20140531,211724,030,003036,4901313185995,0303106300000,亀田　亀田の柿の種６,1,198,05907155
106,3893,20140531,211724,030,003014,4901330801953,0305716200000,カルビー　ベジップス,1,143,05907155
106,3893,20140531,211724,039,003623,4977291306103,0390436700000,福利　くるみ小女子１,1,380,05907155
106,3893,20140531,211724,040,003711,0000049720860,0402559700000,明治スーパーカップバ,1,88,05907155
106,3893,20140531,211724,808,009171,0000000009898,8080021700000,レジ袋　　　　　　　,1,3,05907155
107,9691,20140531,211735,017,002634,0226341805801,9263418300000,さつま揚げ串（ミック,1,174,03308865
107,9691,20140531,211735,042,003755,4903110084860,0420826600000,山崎　薄皮クリームパ,1,148,03308865
107,9691,20140531,211735,042,003755,4903110082712,0427792700000,山崎リングドーナツ（,1,115,03308865
107,9691,20140531,211735,016,002581,0225814801500,9258148700000,自家製ポテトサラダ（,1,45,03308865
107,9691,20140531,211735,917,917001,0215500101908,9155001900000,福龍門,1,95,03308865
107,9691,20140531,211735,042,003755,4903110040811,0421386400000,山崎　ミニスナックゴ,1,75,03308865
107,9691,20140531,211735,042,003752,4903110134718,0424421900000,山崎　レーズンブレッ,1,195,03308865
107,9691,20140531,211735,017,002646,0226460102805,9264601800000,ミニメンチあんかけ　,1,84,03308865
107,9691,20140531,211735,017,002663,0226630203806,9266302200000,春巻き（小）　　　　,1,114,03308865
107,9691,20140531,211735,808,009171,0000000009898,8080021700000,レジ袋　　　　　　　,1,3,03308865
107,9694,20140531,211932,014,008016,0280160603987,9801606800000,アジ刺身　　　　　　,2,238,05907603
107,9694,20140531,211932,035,003371,4937677002616,0359692000000,辰泉　吟醸辰泉　辛口,1,1200,05907603
107,9694,20140531,211932,808,009171,0000000009898,8080021700000,レジ袋　　　　　　　,1,3,05907603
107,9695,20140531,212023,035,003385,4901411035161,0353743500000,キリン氷結グレープフ,1,103,05908044
107,9695,20140531,212023,035,003385,4901777192607,0354285900000,ー１９６°ストロング,1,103,05908044
107,9695,20140531,212023,030,003011,4902777036281,0306156500000,明治　カール　カレー,1,98,05908044
107,9695,20140531,212023,017,002636,0226312903802,9263129800000,やわらかイカリング唐,1,114,05908044
107,9695,20140531,212023,801,009001,0000049401257,8010025600000,キャビン・マイルド・,1,420,05908044
106,3900,20140531,212713,011,001341,0213411904489,9134119800000,アメリカンチェリー　,1,448,05906472
106,3900,20140531,212713,033,003317,4909411056612,0333232000000,キリン　生茶５００ｍ,1,84,05906472
106,3900,20140531,212713,033,003317,4909411056612,0333232000000,キリン　生茶５００ｍ,1,84,05906472
106,3900,20140531,212713,033,003317,4909411053406,0333210800000,キリン午後の紅茶スト,1,84,05906472
106,3900,20140531,212713,033,003317,4909411056414,0337174900000,午後の紅茶おいしい無,1,94,05906472
106,3900,20140531,212713,034,003364,4973360436825,0340015900000,会津産コシヒカリ２０,1,478,05906472
106,3900,20140531,212713,030,003031,4978041002733,0306277700000,丸彦　ごま好き　　　,1,238,05906472
106,3900,20140531,212713,019,002702,0227028806982,9270288200000,彩鮮生寿司盛合せ　　,1,349,05906472
106,3900,20140531,212713,039,003613,4901160018965,0397040900000,タカノ　北海道小粒納,1,113,05906472
106,3900,20140531,212713,808,009171,0000000009898,8080021700000,レジ袋　　　　　　　,1,3,05906472
106,3900,20140531,212713,039,003627,4901790003379,0394457800000,シマダヤ　流水麺そば,1,158,05906472
106,3900,20140531,212713,039,003627,4901790003379,0394457800000,シマダヤ　流水麺そば,1,158,05906472
107,9699,20140531,212716,035,003385,4904230036715,0357682300000,Ａ　ＣＰ６缶パック　,1,618,00063799
107,9699,20140531,212716,033,003315,4909411057480,0337775800000,キリンキッチンソルテ,1,94,00063799
107,9699,20140531,212716,033,003315,4909411057480,0337775800000,キリンキッチンソルテ,1,94,00063799
107,9699,20140531,212716,042,003755,4901820619150,0422778600000,パスコ　ソフトＲダブ,1,76,00063799
107,9699,20140531,212716,042,003755,4901820629777,0424422600000,パスコサンドロールダ,1,76,00063799
107,9699,20140531,212716,033,003316,4530503854337,0339700800000,Ｃ１０００グリーンレ,1,94,00063799
107,9699,20140531,212716,038,003518,4902720078016,0389965600000,マウントレーニアカフ,1,113,00063799
107,9699,20140531,212716,033,003317,4901777253957,0339974300000,南アルプス天然水＆朝,1,84,00063799
107,9699,20140531,212716,033,003317,4901777253957,0339974300000,南アルプス天然水＆朝,1,84,00063799
107,9699,20140531,212716,033,003314,4902201415040,0330157900000,エクセラボトルＣ甘さ,1,75,00063799
107,9699,20140531,212716,033,003315,4514603278910,0337430600000,バヤリースアップルＰ,1,84,00063799
106,3901,20140531,212747,040,003712,0000045116506,0403204500000,ロッテぎゅぎゅっとス,1,90,03000476
106,3901,20140531,212747,040,003712,0000045116506,0403204500000,ロッテぎゅぎゅっとス,1,90,03000476
106,3901,20140531,212747,040,003712,0000049386288,0402596200000,ロッテ　クーリッシュ,1,90,03000476
106,3901,20140531,212747,040,003712,0000049386288,0402596200000,ロッテ　クーリッシュ,1,90,03000476
106,3901,20140531,212747,040,003712,0000049386288,0402596200000,ロッテ　クーリッシュ,1,90,03000476
107,9700,20140531,212812,030,003021,4903646030324,0301148500000,特上マコロン　１８０,1,288,05910688
107,9700,20140531,212812,035,003372,4901411175218,0350093400000,キリン　一番搾り３５,1,200,05910688
107,9700,20140531,212812,035,003372,4901411175218,0350093400000,キリン　一番搾り３５,1,200,05910688
107,9700,20140531,212812,040,003713,4901170105174,0403796500000,チョコミント７本　　,1,218,05910688
107,9700,20140531,212812,032,003268,4902105223536,0325498100000,チキンラーメンブラジ,1,122,05910688
107,9700,20140531,212812,032,003268,4901071237196,0325462200000,エース　ＳＰカップ熟,1,133,05910688
107,9700,20140531,212812,801,009002,0027200002320,8010361500000,クール　マイルドＦＫ,1,450,05910688
107,9700,20140531,212812,030,003027,4903041016664,0308457100000,よっちゃん　味足ポツ,1,288,05910688
107,9700,20140531,212812,030,003036,4901313186046,0303107000000,亀田　亀田の柿の種わ,1,198,05910688
107,9700,20140531,212812,808,009171,0000000009898,8080021700000,レジ袋　　　　　　　,1,3,05910688
107,9700,20140531,212812,030,003010,4901335110067,0306886100000,湖池屋　Ｍポテトガー,1,88,05910688
107,9700,20140531,212812,038,003537,4907174035523,0381625700000,しあわせバナナクレー,1,200,05910688
107,9702,20140531,213122,033,003313,4901777235984,0338705400000,ペプシスペシャル（特,1,100,05900860
107,9702,20140531,213122,033,003313,4901777235984,0338705400000,ペプシスペシャル（特,1,100,05900860
107,9702,20140531,213122,031,003201,4901515120343,0312558800000,キッコーマンまろやか,1,360,05900860
107,9702,20140531,213122,040,003713,4953823102306,0401760800000,ハーシーチョコアイス,1,218,05900860
107,9702,20140531,213122,032,003257,4902170093140,0322124200000,ニップン　たこ焼粉　,1,94,05900860
107,9702,20140531,213122,032,003257,4902170093140,0322124200000,ニップン　たこ焼粉　,1,94,05900860
107,9702,20140531,213122,017,002636,0226312903802,9263129800000,やわらかイカリング唐,1,114,05900860
107,9702,20140531,213122,017,002633,0226334003801,9263340700000,おつまみポテトウィン,1,114,05900860
107,9702,20140531,213122,042,003753,4903110012672,0421086300000,山崎朝の笑顔黒糖テー,1,103,05900860
107,9702,20140531,213122,019,002723,0227230802581,9272308500000,赤飯柔らかいなり　　,1,129,05900860
107,9702,20140531,213122,017,002646,0226460102805,9264601800000,ミニメンチあんかけ　,1,84,05900860
107,9702,20140531,213122,017,002648,0226480404804,9264804300000,エビチリソース　　　,1,144,05900860
107,9702,20140531,213122,019,002710,0227100103404,9271001600000,かんぴょう巻３本　　,1,170,05900860
107,9702,20140531,213122,014,008004,0280040705008,9800407200000,生メジマグロ刺身　　,1,150,05900860
107,9702,20140531,213122,808,009171,0000000009898,8080021700000,レジ袋　　　　　　　,1,3,05900860
107,9702,20140531,213122,808,009171,0000000009898,8080021700000,レジ袋　　　　　　　,1,3,05900860
107,9703,20140531,213351,012,001651,0216510403273,9165104400000,国産　若鶏ササミ（小,1,327,05907419
107,9703,20140531,213351,010,001075,0210750101784,9107501700000,いんげん　　　　　　,1,100,05907419
107,9703,20140531,213351,042,003761,4903110222132,0421279900000,山崎　串団子あん（３,1,92,05907419
107,9703,20140531,213351,014,008038,0280380103014,9803801500000,ブリ切身　　　　　　,1,150,05907419
107,9703,20140531,213351,013,001771,4901366333152,9177138400000,グリコ　皮なしウイン,1,189,05907419
107,9703,20140531,213351,035,003380,4901411002019,0354265100000,キリン淡麗グリーンラ,1,190,05907419
107,9703,20140531,213351,035,003380,4901411002019,0354265100000,キリン淡麗グリーンラ,1,190,05907419
107,9703,20140531,213351,030,003036,4901930022147,0309981000000,でん六　柿ピー１３０,1,123,05907419
107,9703,20140531,213351,030,003002,4902777009728,0300623800000,明治　ミルクチョコレ,1,78,05907419
107,9703,20140531,213351,033,003316,4987306003552,0333577200000,ＣＧＣリポビタンＤラ,1,133,05907419
107,9703,20140531,213351,017,002634,0226341805801,9263418300000,さつま揚げ串（ミック,1,174,05907419
107,9703,20140531,213351,035,003372,4901004006813,0350043900000,アサヒ　スーパードラ,1,268,05907419
107,9703,20140531,213351,050,004185,4901870352694,0552025100000,ベストラップミニ　　,1,108,05907419
107,9703,20140531,213351,023,005001,0212518802506,9125188600000,山口文子さん農産物　,1,250,05907419
107,9703,20140531,213351,040,003704,4902521008762,0401682300000,ハインツ星ポテのり塩,1,95,05907419
107,9703,20140531,213351,042,003753,4903110144557,0429495500000,山崎　朝の笑顔レーズ,1,103,05907419
107,9703,20140531,213351,032,003262,4903307578301,0322134100000,リケン　わかめご飯の,1,94,05907419
107,9703,20140531,213351,017,002646,0226460102805,9264601800000,ミニメンチあんかけ　,1,84,05907419
107,9703,20140531,213351,017,002656,0226562504200,9265625300000,やきとり詰め合わせ　,1,126,05907419
107,9703,20140531,213351,033,003313,0000049845174,0338201100000,オランジーナ４２０ｍ,1,94,05907419
107,9703,20140531,213351,030,003005,4901326035010,0300230800000,春日井　のどにすっき,1,118,05907419
107,9703,20140531,213351,039,003624,4901870121474,0395278800000,ＳＰ白花豆　１２０ｇ,1,95,05907419
107,9703,20140531,213351,039,003625,4901870121511,0395587100000,適量適価ポテトサラダ,1,95,05907419
107,9703,20140531,213351,030,003010,4901330502881,0301197300000,カルビーポテトチップ,1,78,05907419
107,9703,20140531,213351,050,004124,4901870361184,0500605200000,ベストボディソープし,1,148,05907419
107,9703,20140531,213351,033,003306,4902201412049,0338897600000,エクセラスッキリつめ,1,278,05907419
107,9703,20140531,213351,041,003732,4971436602402,0410022500000,イセ赤鶏の旨味賛卵　,1,141,05907419
107,9703,20140531,213351,917,917001,0215500103797,9155001900000,福龍門,1,189,05907419
107,9703,20140531,213351,013,001812,4902586414850,9181220900000,プリマ　ハーフベーコ,1,238,05907419
107,9703,20140531,213351,917,917001,0215500103292,9155001900000,福龍門,1,164,05907419
107,9703,20140531,213351,038,003533,4902705118966,0386198100000,ブルガリアＣａのむヨ,1,98,05907419
107,9703,20140531,213351,014,008005,0280050305007,9800503100000,海鮮づくし盛合せ（生,1,150,05907419
107,9703,20140531,213351,017,002663,0226630002959,9266300800000,ニラレバ炒め小（国産,1,88,05907419
107,9703,20140531,213351,017,002663,0226630002553,9266300800000,ニラレバ炒め小（国産,1,76,05907419
107,9703,20140531,213351,808,009171,0000000009898,8080021700000,レジ袋　　　　　　　,1,3,05907419
107,9703,20140531,213351,808,009171,0000000009898,8080021700000,レジ袋　　　　　　　,1,3,05907419
107,9703,20140531,213351,039,003613,4901118005801,0395413300000,ヤマダフーズ　うまし,1,75,05907419
107,9703,20140531,213351,010,001005,0000000001038,9100502100000,胡瓜（バラ）　　　　,1,48,05907419
107,9703,20140531,213351,010,001021,0000000001045,9102102100000,ブロッコリー　　　　,1,98,05907419
107,9703,20140531,213351,017,002850,0228502904583,9285029300000,手作りヒレカツ弁当　,1,137,05907419
107,9703,20140531,213351,010,001094,0000000001106,9109401800000,小松菜　　　　　　　,1,98,05907419
107,9703,20140531,213351,010,001002,0000000001113,9100202000000,レタス　　　　　　　,1,50,05907419
107,9704,20140531,213443,033,003317,4901085010655,0336434500000,ＴＥＡＳ’ＴＥＡベル,1,94,05217412
107,9704,20140531,213443,033,003317,4901085010655,0336434500000,ＴＥＡＳ’ＴＥＡベル,1,94,05217412
107,9704,20140531,213443,038,003532,4976750547293,0381304100000,フルーツサラダＹＧ１,1,143,05217412
107,9704,20140531,213443,038,003532,4976750547293,0381304100000,フルーツサラダＹＧ１,1,143,05217412
107,9704,20140531,213443,808,009171,0000000009898,8080021700000,レジ袋　　　　　　　,1,3,05217412
106,3903,20140531,213522,010,001055,0210550200984,9105502600000,なめこ　　　　　　　,1,98,02805268
106,3903,20140531,213522,011,001395,0000000001731,9139606800000,パイナップル　　　　,1,398,02805268
106,3903,20140531,213522,010,001101,0000000001854,9110112900000,玉ねぎ１個　　　　　,5,340,02805268
106,3903,20140531,213522,010,001103,0000000001861,9110313000000,じゃが芋（１個）　　,5,290,02805268
106,3903,20140531,213522,015,008150,0281500303987,9815003800000,塩サバ　　　　　　　,1,318,02805268
106,3903,20140531,213522,010,001005,0000000001359,9100504500000,胡瓜（袋詰）　　　　,1,240,02805268
106,3903,20140531,213522,010,001042,0000000001434,9104203300000,ピーマン（袋詰）　　,1,98,02805268
106,3903,20140531,213522,012,001618,0216185003570,9161850400000,国産豚　肩ロース切落,1,357,02805268
106,3903,20140531,213522,012,001618,0216185003617,9161850400000,国産豚　肩ロース切落,1,361,02805268
106,3903,20140531,213522,011,001391,0213910103529,9139101800000,バナナ　　　　　　　,1,352,02805268
106,3903,20140531,213522,010,001024,4901870035467,9103329100000,ＣＧＣ昔の大地パセリ,1,125,02805268
106,3903,20140531,213522,038,003531,4970020058649,0384531800000,こんがりバニラプリン,1,228,02805268
106,3903,20140531,213522,010,001063,0000000001069,9106302100000,大根　　　　　　　　,1,158,02805268
106,3903,20140531,213522,033,003317,4901085042403,0338671200000,伊藤園おーいお茶　ほ,1,94,02805268
106,3903,20140531,213522,038,003516,4903308009415,0385692500000,フロマジュエルメープ,1,323,02805268
106,3903,20140531,213522,038,003515,4903308004687,0389976200000,ＱＢＢアーモンド入り,1,108,02805268
106,3903,20140531,213522,038,003515,4903308004687,0389976200000,ＱＢＢアーモンド入り,1,108,02805268
106,3903,20140531,213522,031,003206,4530017000015,0315403800000,食卓塩　１００Ｇ　　,1,68,02805268
106,3903,20140531,213522,039,003605,4537683001018,0392579900000,栃尾豆庵　栃尾揚げ　,1,158,02805268
106,3903,20140531,213522,039,003604,4970050053973,0394603900000,一正　ずんだとうふ３,1,190,02805268
106,3903,20140531,213522,038,003533,0000049722079,0381148100000,ヨーグルトＲ−１　ド,4,488,02805268
106,3903,20140531,213522,039,003629,4970154306562,0394549000000,えどや　３食冷し中華,1,189,02805268
106,3903,20140531,213522,039,003613,4901160018965,0397040900000,タカノ　北海道小粒納,1,113,02805268
106,3903,20140531,213522,039,003613,4901160018965,0397040900000,タカノ　北海道小粒納,1,113,02805268
106,3903,20140531,213522,039,003613,4901160018965,0397040900000,タカノ　北海道小粒納,1,113,02805268
106,3903,20140531,213522,808,009171,0000000009898,8080021700000,レジ袋　　　　　　　,1,3,02805268
106,3903,20140531,213522,039,003602,4901160104026,0397956300000,タカノ北海道絹美人３,1,143,02805268
106,3903,20140531,213522,033,003313,4514603282511,0337291300000,ウィルキンソン炭酸　,1,84,02805268
106,3903,20140531,213522,033,003313,4514603282511,0337291300000,ウィルキンソン炭酸　,1,84,02805268
106,3903,20140531,213522,033,003313,4514603282511,0337291300000,ウィルキンソン炭酸　,1,84,02805268
106,3903,20140531,213522,033,003313,4514603282511,0337291300000,ウィルキンソン炭酸　,1,84,02805268
106,3903,20140531,213522,033,003313,4514603282511,0337291300000,ウィルキンソン炭酸　,1,84,02805268
106,3903,20140531,213522,010,001021,0000000001045,9102102100000,ブロッコリー　　　　,1,98,02805268
107,9705,20140531,213637,040,003713,4902888346613,0403791000000,パリパリバー８本　　,1,218,03306669
107,9705,20140531,213637,012,001654,0216547402874,9165474800000,国産　桜姫鶏モモ切身,1,143,03306669
107,9705,20140531,213637,917,917001,0215500104756,9155001900000,福龍門,1,237,03306669
107,9705,20140531,213637,023,005001,0212512501504,9125125100000,高橋浩さん農産物　　,1,150,03306669
107,9705,20140531,213637,038,003532,4971777022365,0382345300000,日本ルナ　バニラヨー,1,190,03306669
107,9705,20140531,213637,017,002625,0226255003492,9262550100000,厚切り一口イカフライ,1,104,03306669
107,9705,20140531,213637,039,003613,4902106011361,0396788100000,金のつぶ　パキッとタ,1,113,03306669
107,9705,20140531,213637,017,002625,0226519604809,9265196800000,広島県産春採り牡蠣フ,1,144,03306669
107,9705,20140531,213637,017,002648,0226480404804,9264804300000,エビチリソース　　　,1,144,03306669
107,9705,20140531,213637,017,002648,0226480404804,9264804300000,エビチリソース　　　,1,144,03306669
107,9705,20140531,213637,038,003534,4902705104471,0389707200000,午後のくつろぎカフェ,1,88,03306669
107,9705,20140531,213637,017,002868,0228682709503,9286827400000,照り焼きチキンピザ　,1,285,03306669
107,9705,20140531,213637,014,008001,0280011304988,9800113200000,刺身用生メバチマグロ,1,149,03306669
107,9705,20140531,213637,010,001021,0000000001045,9102102100000,ブロッコリー　　　　,1,98,03306669
107,9705,20140531,213637,022,002809,0228090103009,9280901700000,パン詰め合わせ　　　,1,300,03306669
107,9706,20140531,213908,038,003520,4909411032777,0386345900000,トロピカーナＨＭＳオ,1,218,02302863
107,9706,20140531,213908,038,003520,4909411032777,0386345900000,トロピカーナＨＭＳオ,1,218,02302863
107,9706,20140531,213908,038,003520,4909411032777,0386345900000,トロピカーナＨＭＳオ,1,218,02302863
107,9706,20140531,213908,040,003701,4901870115404,0402291600000,シジシー塩ゆで枝豆４,1,188,02302863
107,9706,20140531,213908,040,003701,4901870115404,0402291600000,シジシー塩ゆで枝豆４,1,188,02302863
107,9706,20140531,213908,808,009171,0000000009898,8080021700000,レジ袋　　　　　　　,1,3,02302863
107,9706,20140531,213908,038,003537,4907174047083,0385616100000,ドンレミー５種のフル,1,238,02302863
107,9707,20140531,214005,017,002636,0226312902188,9263129800000,やわらかイカリング唐,1,65,05910703
107,9707,20140531,214005,017,002636,0226312901914,9263129800000,やわらかイカリング唐,1,57,05910703
107,9707,20140531,214005,039,003625,4562143358975,0397192500000,デルシー　豚汁２３０,1,108,05910703
107,9707,20140531,214005,039,003625,4562143359309,0397406300000,デルシー　もつ煮１５,1,98,05910703
107,9707,20140531,214005,039,003625,4562143359309,0397406300000,デルシー　もつ煮１５,1,98,05910703
107,9707,20140531,214005,039,003625,4562143358975,0397192500000,デルシー　豚汁２３０,1,108,05910703
107,9707,20140531,214005,011,001404,0214044301959,9140443500000,カットハネデューメロ,1,97,05910703
107,9707,20140531,214005,017,002648,0226480403425,9264804300000,エビチリソース　　　,1,102,05910703
107,9707,20140531,214005,017,002625,0226519604809,9265196800000,広島県産春採り牡蠣フ,1,144,05910703
107,9707,20140531,214005,017,002648,0226480403425,9264804300000,エビチリソース　　　,1,102,05910703
107,9707,20140531,214005,039,003635,4963865307775,0390312400000,プリンス　カニメンチ,2,396,05910703
107,9707,20140531,214005,039,003615,4903067305018,0395097500000,ヤマサン　生かつお沢,2,276,05910703
107,9707,20140531,214005,017,002636,0226429905805,9264299700000,さつま揚げ串（ピリ辛,1,174,05910703
107,9707,20140531,214005,808,009171,0000000009898,8080021700000,レジ袋　　　　　　　,1,3,05910703
107,9708,20140531,214040,917,917001,0215500103988,9155001900000,福龍門,1,199,05905141
107,9708,20140531,214040,016,002586,0225862502527,9258625300000,ぜんまい炒め煮（中）,1,75,05905141
107,9708,20140531,214040,017,002636,0226429905805,9264299700000,さつま揚げ串（ピリ辛,1,174,05905141
107,9708,20140531,214040,019,002710,0227100804509,9271008500000,かんぴょう巻４本　　,1,225,05905141
107,9708,20140531,214040,033,003313,4514603217216,0331989500000,三ツ矢サイダー１．５,1,140,05905141
107,9709,20140531,214134,017,002634,0226341803609,9263418300000,さつま揚げ串（ミック,1,108,05910752
107,9709,20140531,214134,033,003313,4902102076371,0331337400000,ファンタオレンジペッ,1,156,05910752
107,9709,20140531,214134,011,001391,0213910102829,9139101800000,バナナ　　　　　　　,1,282,05910752
107,9709,20140531,214134,042,003755,4902410454410,0420756600000,フジ　カステラサンド,1,120,05910752
107,9709,20140531,214134,019,002723,0227230802581,9272308500000,赤飯柔らかいなり　　,1,129,05910752
107,9709,20140531,214134,019,002713,0227240504581,9272405100000,助六寿司（京）　　　,1,229,05910752
107,9709,20140531,214134,019,002713,0227240504581,9272405100000,助六寿司（京）　　　,1,229,05910752
107,9709,20140531,214134,019,002713,0227240504581,9272405100000,助六寿司（京）　　　,1,229,05910752
107,9712,20140531,214522,039,003602,4901453500313,0394580300000,豆腐センターとろける,1,115,05213174
107,9712,20140531,214522,011,001396,0000000001687,9139603700000,マンゴー　　　　　　,1,198,05213174
107,9712,20140531,214522,010,001062,0000000001182,9106202400000,長ねぎ　　　　　　　,1,178,05213174
107,9712,20140531,214522,010,001005,0000000001359,9100504500000,胡瓜（袋詰）　　　　,1,240,05213174
107,9712,20140531,214522,038,003517,4904717103756,0380175800000,協乳　低脂肪乳　１Ｌ,1,140,05213174
107,9712,20140531,214522,017,002625,0226519602867,9265196800000,広島県産春採り牡蠣フ,1,85,05213174
107,9712,20140531,214522,033,003314,4902201411110,0330153100000,ネスカフェエクセラボ,1,75,05213174
107,9712,20140531,214522,033,003314,4902201411110,0330153100000,ネスカフェエクセラボ,1,75,05213174
107,9712,20140531,214522,039,003639,4977739132134,0395814800000,ホソヤ　我が家の餃子,1,285,05213174
107,9712,20140531,214522,039,003629,4970154306562,0394549000000,えどや　３食冷し中華,1,189,05213174
107,9712,20140531,214522,808,009171,0000000009898,8080021700000,レジ袋　　　　　　　,1,3,05213174